f(x)=x^5 + 32.2994x^4 + 407.148x^3 + 2500.89x^2 + 7478.64x + 8700.01
f'(x)=5x^4 + 131.9976x^3 + 1221.444x^2 + 5001.78x + 7478.64

z_1 = -9.36057
z_2 = -8.04811
z_3 = -6.01962
z_4 = -5.13514
z_5 = -3.73596

3880.73 + 4044.8*x + 1614.77*x^2 + 308.576*x^3 + 28.3001*x^4 + x^5